wvlng	cf 1	basel	cf 2	cf 3
900,00	0,148	0,000	0,031	0,400
899,00	0,145	-0,000	0,030	0,395
898,00	0,142	0,001	0,028	0,391
897,00	0,137	-0,000	0,027	0,388
896,00	0,134	0,000	0,026	0,385
895,00	0,130	-0,000	0,024	0,381
894,00	0,128	0,001	0,024	0,378
893,00	0,125	0,001	0,024	0,377
892,00	0,123	0,001	0,022	0,374
891,00	0,119	-0,000	0,021	0,370
890,00	0,118	0,001	0,020	0,370
889,00	0,116	0,001	0,021	0,369
888,00	0,114	0,000	0,020	0,367
887,00	0,113	0,001	0,020	0,366
886,00	0,110	-0,000	0,019	0,364
885,00	0,109	0,001	0,019	0,364
884,00	0,108	0,000	0,019	0,363
883,00	0,107	-0,000	0,017	0,362
882,00	0,106	0,000	0,018	0,362
881,00	0,104	-0,000	0,016	0,361
880,00	0,104	0,000	0,017	0,361
879,00	0,103	0,000	0,016	0,361
878,00	0,102	0,001	0,016	0,361
877,00	0,102	0,001	0,015	0,361
876,00	0,101	0,000	0,015	0,361
875,00	0,101	0,000	0,016	0,362
874,00	0,100	0,000	0,016	0,362
873,00	0,100	0,001	0,016	0,362
872,00	0,100	0,001	0,015	0,363
871,00	0,100	0,000	0,015	0,363
870,00	0,099	-0,000	0,015	0,363
869,00	0,099	0,000	0,015	0,364
868,00	0,099	0,000	0,015	0,365
867,00	0,099	0,000	0,015	0,365
866,00	0,099	0,000	0,015	0,366
865,00	0,099	0,000	0,015	0,367
864,00	0,099	-0,000	0,015	0,367
863,00	0,099	0,000	0,015	0,368
862,00	0,099	0,000	0,015	0,369
861,00	0,099	-0,000	0,015	0,369
860,00	0,099	0,000	0,015	0,371
859,00	0,099	-0,000	0,015	0,371
858,00	0,099	-0,000	0,015	0,372
857,00	0,100	-0,000	0,015	0,373
856,00	0,099	-0,000	0,015	0,374
855,00	0,099	-0,000	0,015	0,375
854,00	0,100	-0,000	0,015	0,376
853,00	0,100	-0,000	0,016	0,377
852,00	0,100	-0,000	0,016	0,378
851,00	0,100	-0,000	0,016	0,379
850,00	0,100	-0,000	0,016	0,380
849,00	0,100	-0,001	0,015	0,380
848,00	0,101	-0,000	0,016	0,382
847,00	0,101	-0,000	0,016	0,383
846,00	0,101	-0,001	0,016	0,384
845,00	0,101	-0,000	0,016	0,385
844,00	0,101	-0,001	0,016	0,386
843,00	0,102	-0,001	0,016	0,387
842,00	0,102	-0,001	0,016	0,388
841,00	0,102	-0,001	0,016	0,389
840,00	0,102	-0,001	0,016	0,390
839,00	0,103	-0,001	0,016	0,391
838,00	0,103	-0,001	0,016	0,392
837,00	0,103	-0,001	0,016	0,393
836,00	0,103	-0,001	0,016	0,394
835,00	0,104	-0,001	0,017	0,395
834,00	0,104	-0,001	0,016	0,396
833,00	0,104	-0,001	0,017	0,398
832,00	0,105	-0,001	0,017	0,399
831,00	0,105	-0,001	0,017	0,400
830,00	0,105	-0,001	0,017	0,401
829,00	0,106	-0,001	0,017	0,402
828,00	0,106	-0,001	0,017	0,403
827,00	0,106	-0,001	0,017	0,404
826,00	0,106	-0,001	0,017	0,405
825,00	0,107	-0,001	0,017	0,407
824,00	0,107	-0,001	0,017	0,408
823,00	0,107	-0,001	0,017	0,409
822,00	0,108	-0,001	0,017	0,410
821,00	0,108	-0,001	0,017	0,411
820,00	0,108	-0,001	0,017	0,412
819,00	0,109	-0,001	0,017	0,413
818,00	0,109	-0,001	0,017	0,415
817,00	0,109	-0,001	0,018	0,416
816,00	0,110	-0,001	0,018	0,417
815,00	0,110	-0,001	0,018	0,418
814,00	0,110	-0,001	0,018	0,419
813,00	0,111	-0,001	0,018	0,421
812,00	0,111	-0,001	0,018	0,422
811,00	0,111	-0,001	0,018	0,423
810,00	0,112	-0,001	0,018	0,424
809,00	0,112	-0,001	0,018	0,425
808,00	0,113	-0,001	0,018	0,426
807,00	0,113	-0,001	0,018	0,427
806,00	0,113	-0,001	0,018	0,429
805,00	0,114	-0,001	0,018	0,430
804,00	0,114	-0,001	0,018	0,431
803,00	0,115	-0,001	0,018	0,432
802,00	0,115	-0,001	0,018	0,434
801,00	0,115	-0,001	0,018	0,435
800,00	0,116	-0,001	0,019	0,436
799,00	0,116	-0,001	0,019	0,437
798,00	0,117	-0,001	0,019	0,439
797,00	0,117	-0,001	0,019	0,440
796,00	0,117	-0,001	0,019	0,441
795,00	0,118	-0,001	0,019	0,442
794,00	0,118	-0,001	0,019	0,444
793,00	0,119	-0,001	0,019	0,445
792,00	0,119	-0,001	0,019	0,446
791,00	0,120	-0,001	0,019	0,448
790,00	0,120	-0,001	0,019	0,449
789,00	0,120	-0,001	0,019	0,450
788,00	0,121	-0,001	0,019	0,451
787,00	0,121	-0,001	0,019	0,453
786,00	0,122	-0,001	0,019	0,454
785,00	0,122	-0,001	0,019	0,455
784,00	0,122	-0,001	0,019	0,457
783,00	0,123	-0,001	0,019	0,458
782,00	0,123	-0,001	0,020	0,459
781,00	0,124	-0,001	0,020	0,460
780,00	0,124	-0,001	0,020	0,462
779,00	0,124	-0,001	0,020	0,463
778,00	0,125	-0,001	0,020	0,465
777,00	0,125	-0,001	0,020	0,466
776,00	0,126	-0,001	0,020	0,467
775,00	0,126	-0,001	0,020	0,469
774,00	0,127	-0,001	0,020	0,470
773,00	0,127	-0,001	0,020	0,472
772,00	0,127	-0,001	0,020	0,473
771,00	0,128	-0,001	0,020	0,474
770,00	0,128	-0,001	0,020	0,475
769,00	0,129	-0,001	0,020	0,477
768,00	0,129	-0,001	0,020	0,478
767,00	0,130	-0,001	0,020	0,479
766,00	0,130	-0,001	0,020	0,481
765,00	0,130	-0,001	0,020	0,482
764,00	0,131	-0,001	0,021	0,484
763,00	0,131	-0,001	0,020	0,485
762,00	0,132	-0,001	0,021	0,487
761,00	0,132	-0,001	0,021	0,488
760,00	0,133	-0,001	0,021	0,490
759,00	0,133	-0,001	0,021	0,491
758,00	0,134	-0,001	0,021	0,492
757,00	0,134	-0,001	0,021	0,494
756,00	0,135	-0,001	0,021	0,496
755,00	0,135	-0,001	0,021	0,497
754,00	0,136	-0,001	0,021	0,499
753,00	0,136	-0,001	0,021	0,500
752,00	0,137	-0,001	0,021	0,502
751,00	0,138	-0,001	0,022	0,503
750,00	0,138	-0,001	0,021	0,505
749,00	0,138	-0,001	0,021	0,506
748,00	0,139	-0,001	0,022	0,508
747,00	0,139	-0,001	0,022	0,509
746,00	0,140	-0,001	0,022	0,511
745,00	0,140	-0,001	0,022	0,512
744,00	0,141	-0,001	0,022	0,514
743,00	0,141	-0,001	0,022	0,515
742,00	0,142	-0,001	0,022	0,517
741,00	0,142	-0,001	0,022	0,519
740,00	0,143	-0,001	0,022	0,520
739,00	0,144	-0,001	0,022	0,522
738,00	0,145	-0,001	0,023	0,524
737,00	0,146	-0,001	0,023	0,525
736,00	0,147	-0,001	0,023	0,527
735,00	0,148	-0,001	0,023	0,529
734,00	0,149	-0,001	0,023	0,531
733,00	0,150	-0,001	0,023	0,533
732,00	0,150	-0,001	0,023	0,534
731,00	0,151	-0,001	0,023	0,536
730,00	0,152	-0,001	0,023	0,538
729,00	0,153	-0,001	0,023	0,540
728,00	0,155	-0,001	0,023	0,541
727,00	0,156	-0,001	0,024	0,543
726,00	0,157	-0,001	0,024	0,545
725,00	0,158	-0,001	0,024	0,547
724,00	0,159	-0,001	0,024	0,549
723,00	0,160	-0,001	0,024	0,551
722,00	0,162	-0,001	0,024	0,553
721,00	0,163	-0,001	0,024	0,554
720,00	0,164	-0,001	0,024	0,557
719,00	0,166	-0,001	0,024	0,559
718,00	0,168	-0,001	0,025	0,561
717,00	0,169	-0,001	0,025	0,563
716,00	0,171	-0,001	0,025	0,565
715,00	0,173	-0,001	0,025	0,567
714,00	0,176	-0,001	0,025	0,569
713,00	0,178	-0,001	0,025	0,572
712,00	0,180	-0,001	0,025	0,573
711,00	0,183	-0,001	0,026	0,576
710,00	0,187	-0,001	0,026	0,578
709,00	0,190	-0,001	0,026	0,581
708,00	0,194	-0,001	0,026	0,584
707,00	0,198	-0,001	0,026	0,587
706,00	0,202	-0,001	0,027	0,590
705,00	0,207	-0,001	0,027	0,593
704,00	0,213	-0,001	0,027	0,596
703,00	0,219	-0,001	0,028	0,599
702,00	0,227	-0,001	0,028	0,603
701,00	0,235	-0,001	0,028	0,607
700,00	0,245	-0,001	0,029	0,611
699,00	0,255	-0,001	0,029	0,616
698,00	0,267	-0,001	0,030	0,621
697,00	0,282	-0,001	0,030	0,627
696,00	0,298	-0,001	0,031	0,633
695,00	0,320	-0,001	0,032	0,641
694,00	0,346	-0,001	0,033	0,650
693,00	0,376	-0,001	0,034	0,660
692,00	0,413	-0,001	0,035	0,672
691,00	0,455	-0,001	0,037	0,686
690,00	0,506	-0,001	0,039	0,702
689,00	0,567	-0,001	0,042	0,722
688,00	0,638	-0,001	0,045	0,745
687,00	0,722	-0,001	0,048	0,773
686,00	0,825	-0,001	0,053	0,808
685,00	0,938	-0,001	0,058	0,847
684,00	1,074	-0,001	0,064	0,897
683,00	1,231	-0,001	0,073	0,959
682,00	1,392	-0,001	0,082	1,025
681,00	1,578	-0,001	0,093	1,108
680,00	1,786	-0,001	0,107	1,209
679,00	1,995	-0,001	0,123	1,319
678,00	2,225	-0,001	0,141	1,451
677,00	2,459	-0,001	0,163	1,602
676,00	2,676	-0,001	0,187	1,762
675,00	2,868	-0,001	0,214	1,939
674,00	3,017	-0,001	0,243	2,126
673,00	3,117	-0,001	0,275	2,323
672,00	3,173	-0,001	0,308	2,522
671,00	3,196	-0,001	0,342	2,705
670,00	3,215	-0,001	0,375	2,862
669,00	3,222	-0,001	0,406	2,991
668,00	3,228	-0,001	0,433	3,083
667,00	3,237	-0,001	0,456	3,148
666,00	3,237	-0,001	0,473	3,188
665,00	3,243	-0,001	0,483	3,212
664,00	3,244	-0,001	0,487	3,218
663,00	3,245	-0,001	0,484	3,209
662,00	3,249	-0,001	0,475	3,189
661,00	3,250	-0,001	0,461	3,149
660,00	3,254	-0,001	0,442	3,092
659,00	3,250	-0,001	0,421	3,016
658,00	3,248	-0,001	0,396	2,916
657,00	3,240	-0,001	0,373	2,808
656,00	3,230	-0,001	0,350	2,697
655,00	3,213	-0,001	0,328	2,582
654,00	3,190	-0,001	0,309	2,476
653,00	3,154	-0,001	0,290	2,370
652,00	3,107	-0,001	0,272	2,268
651,00	3,052	-0,001	0,257	2,178
650,00	2,989	-0,001	0,244	2,097
649,00	2,920	-0,001	0,232	2,024
648,00	2,853	-0,001	0,222	1,962
647,00	2,782	-0,001	0,212	1,899
646,00	2,706	-0,001	0,204	1,841
645,00	2,633	-0,001	0,196	1,790
644,00	2,557	-0,001	0,188	1,738
643,00	2,479	-0,001	0,180	1,688
642,00	2,405	-0,001	0,173	1,642
641,00	2,329	-0,001	0,166	1,598
640,00	2,257	-0,001	0,160	1,557
639,00	2,196	-0,001	0,154	1,522
638,00	2,139	-0,001	0,149	1,490
637,00	2,089	-0,000	0,144	1,463
636,00	2,049	-0,001	0,140	1,441
635,00	2,016	-0,001	0,137	1,424
634,00	1,992	-0,001	0,134	1,411
633,00	1,976	-0,001	0,133	1,404
632,00	1,968	-0,001	0,132	1,400
631,00	1,967	-0,000	0,131	1,399
630,00	1,972	-0,000	0,131	1,402
629,00	1,980	-0,000	0,131	1,408
628,00	1,992	-0,000	0,132	1,415
627,00	2,005	-0,000	0,133	1,423
626,00	2,019	-0,000	0,134	1,433
625,00	2,033	-0,000	0,135	1,442
624,00	2,045	-0,000	0,137	1,450
623,00	2,056	-0,000	0,138	1,458
622,00	2,065	-0,000	0,138	1,465
621,00	2,073	-0,001	0,139	1,470
620,00	2,079	-0,000	0,140	1,475
619,00	2,082	-0,001	0,140	1,479
618,00	2,083	-0,000	0,140	1,481
617,00	2,081	-0,000	0,140	1,483
616,00	2,077	-0,000	0,140	1,483
615,00	2,070	-0,000	0,140	1,481
614,00	2,059	-0,000	0,139	1,478
613,00	2,047	-0,000	0,138	1,474
612,00	2,030	-0,000	0,137	1,467
611,00	2,011	-0,000	0,136	1,460
610,00	1,990	-0,000	0,134	1,451
609,00	1,965	-0,000	0,133	1,441
608,00	1,937	-0,000	0,131	1,429
607,00	1,907	-0,000	0,128	1,417
606,00	1,876	-0,000	0,126	1,404
605,00	1,844	-0,000	0,124	1,391
604,00	1,812	-0,000	0,122	1,378
603,00	1,779	-0,000	0,119	1,365
602,00	1,748	-0,000	0,117	1,353
601,00	1,719	-0,000	0,115	1,342
600,00	1,689	-0,000	0,113	1,331
599,00	1,664	-0,000	0,111	1,321
598,00	1,641	-0,000	0,110	1,313
597,00	1,622	-0,000	0,108	1,307
596,00	1,606	-0,000	0,107	1,302
595,00	1,595	-0,000	0,107	1,299
594,00	1,586	-0,000	0,106	1,298
593,00	1,581	-0,000	0,106	1,298
592,00	1,578	-0,000	0,106	1,299
591,00	1,576	-0,000	0,106	1,301
590,00	1,575	-0,000	0,106	1,304
589,00	1,575	-0,000	0,107	1,307
588,00	1,574	-0,000	0,107	1,309
587,00	1,571	-0,000	0,107	1,312
586,00	1,567	-0,000	0,107	1,313
585,00	1,561	-0,000	0,107	1,314
584,00	1,552	-0,000	0,107	1,314
583,00	1,542	-0,000	0,107	1,313
582,00	1,531	-0,000	0,106	1,312
581,00	1,517	-0,000	0,106	1,309
580,00	1,502	-0,000	0,105	1,307
579,00	1,487	-0,000	0,104	1,304
578,00	1,470	-0,000	0,104	1,301
577,00	1,453	-0,000	0,103	1,297
576,00	1,435	-0,000	0,102	1,294
575,00	1,417	-0,000	0,101	1,290
574,00	1,397	-0,000	0,100	1,286
573,00	1,376	-0,000	0,099	1,281
572,00	1,354	-0,000	0,098	1,276
571,00	1,329	-0,000	0,097	1,270
570,00	1,304	-0,000	0,096	1,265
569,00	1,278	-0,000	0,094	1,258
568,00	1,251	-0,000	0,093	1,252
567,00	1,224	-0,000	0,092	1,245
566,00	1,197	-0,000	0,090	1,238
565,00	1,169	-0,000	0,089	1,231
564,00	1,141	-0,000	0,088	1,225
563,00	1,113	-0,000	0,086	1,218
562,00	1,086	-0,000	0,085	1,212
561,00	1,061	-0,000	0,084	1,207
560,00	1,039	-0,000	0,083	1,202
559,00	1,018	-0,000	0,082	1,199
558,00	1,001	-0,000	0,081	1,196
557,00	0,986	-0,000	0,080	1,194
556,00	0,972	-0,000	0,080	1,193
555,00	0,961	-0,000	0,079	1,192
554,00	0,952	-0,000	0,079	1,193
553,00	0,944	-0,000	0,079	1,194
552,00	0,939	0,000	0,079	1,196
551,00	0,935	-0,000	0,078	1,198
550,00	0,932	-0,000	0,079	1,201
549,00	0,930	-0,000	0,079	1,204
548,00	0,929	-0,000	0,079	1,207
547,00	0,929	0,000	0,079	1,211
546,00	0,930	-0,000	0,079	1,215
545,00	0,930	-0,000	0,080	1,219
544,00	0,931	-0,000	0,080	1,223
543,00	0,932	-0,000	0,080	1,227
542,00	0,934	-0,000	0,081	1,231
541,00	0,934	-0,000	0,081	1,236
540,00	0,934	-0,000	0,081	1,240
539,00	0,934	0,000	0,081	1,244
538,00	0,933	-0,000	0,081	1,248
537,00	0,931	-0,000	0,082	1,251
536,00	0,927	-0,000	0,082	1,253
535,00	0,923	-0,000	0,082	1,256
534,00	0,919	0,000	0,082	1,259
533,00	0,913	-0,000	0,082	1,261
532,00	0,907	-0,000	0,082	1,263
531,00	0,902	-0,000	0,082	1,265
530,00	0,895	0,000	0,082	1,268
529,00	0,888	-0,000	0,082	1,269
528,00	0,882	0,000	0,082	1,271
527,00	0,876	-0,000	0,082	1,274
526,00	0,870	-0,000	0,082	1,275
525,00	0,865	-0,000	0,082	1,278
524,00	0,860	-0,000	0,082	1,280
523,00	0,856	-0,000	0,082	1,283
522,00	0,854	-0,000	0,082	1,286
521,00	0,853	-0,000	0,082	1,289
520,00	0,853	0,000	0,082	1,293
519,00	0,856	-0,000	0,082	1,297
518,00	0,861	0,000	0,082	1,303
517,00	0,868	0,000	0,083	1,309
516,00	0,879	-0,000	0,083	1,315
515,00	0,894	0,000	0,084	1,324
514,00	0,911	0,000	0,085	1,332
513,00	0,932	0,000	0,086	1,343
512,00	0,956	0,000	0,087	1,354
511,00	0,986	0,000	0,089	1,366
510,00	1,017	-0,000	0,091	1,379
509,00	1,056	0,000	0,092	1,394
508,00	1,099	0,000	0,095	1,411
507,00	1,146	0,000	0,097	1,429
506,00	1,198	0,000	0,099	1,449
505,00	1,257	0,000	0,102	1,471
504,00	1,318	0,000	0,105	1,493
503,00	1,388	0,000	0,109	1,519
502,00	1,466	0,000	0,113	1,547
501,00	1,550	0,000	0,117	1,578
500,00	1,641	-0,000	0,122	1,612
499,00	1,742	-0,000	0,127	1,650
498,00	1,846	0,000	0,133	1,690
497,00	1,954	0,000	0,139	1,734
496,00	2,068	0,000	0,147	1,782
495,00	2,187	0,000	0,154	1,834
494,00	2,306	0,000	0,163	1,891
493,00	2,423	0,000	0,172	1,953
492,00	2,534	-0,000	0,182	2,019
491,00	2,637	-0,000	0,193	2,091
490,00	2,728	0,000	0,206	2,168
489,00	2,801	0,000	0,218	2,246
488,00	2,858	0,000	0,232	2,328
487,00	2,903	0,000	0,246	2,407
486,00	2,935	0,000	0,260	2,490
485,00	2,960	0,000	0,276	2,573
484,00	2,974	0,000	0,293	2,654
483,00	2,981	-0,000	0,310	2,731
482,00	2,986	0,000	0,328	2,804
481,00	2,995	0,000	0,346	2,869
480,00	2,999	-0,000	0,364	2,923
479,00	3,000	0,000	0,382	2,972
478,00	3,001	0,000	0,400	3,007
477,00	2,998	0,000	0,417	3,037
476,00	2,999	0,000	0,435	3,057
475,00	3,002	-0,000	0,451	3,076
474,00	3,000	0,000	0,466	3,088
473,00	2,999	0,000	0,481	3,098
472,00	2,994	0,000	0,495	3,104
471,00	2,997	-0,000	0,506	3,108
470,00	2,994	0,000	0,516	3,110
469,00	2,995	0,000	0,524	3,112
468,00	2,991	0,000	0,530	3,113
467,00	2,995	0,000	0,534	3,113
466,00	2,995	0,000	0,537	3,112
465,00	2,992	0,000	0,538	3,111
464,00	2,994	0,000	0,539	3,111
463,00	2,994	0,000	0,539	3,109
462,00	2,991	0,000	0,539	3,106
461,00	2,990	0,000	0,538	3,107
460,00	2,988	0,000	0,537	3,105
459,00	2,986	0,000	0,537	3,104
458,00	2,988	0,000	0,537	3,101
457,00	2,985	0,000	0,537	3,103
456,00	2,984	0,000	0,538	3,101
455,00	2,986	0,000	0,539	3,101
454,00	2,980	0,000	0,541	3,101
453,00	2,983	0,000	0,545	3,102
452,00	2,984	0,000	0,549	3,102
451,00	2,979	0,000	0,556	3,101
450,00	2,978	0,000	0,563	3,103
449,00	2,976	0,000	0,573	3,104
448,00	2,974	0,000	0,585	3,103
447,00	2,974	0,000	0,600	3,103
446,00	2,972	0,000	0,617	3,105
445,00	2,977	0,000	0,638	3,105
444,00	2,973	0,000	0,661	3,105
443,00	2,973	0,000	0,687	3,105
442,00	2,970	0,000	0,713	3,100
441,00	2,972	0,000	0,741	3,101
440,00	2,968	0,000	0,768	3,100
439,00	2,966	0,000	0,795	3,100
438,00	2,963	0,000	0,818	3,097
437,00	2,965	0,000	0,837	3,096
436,00	2,964	0,000	0,853	3,098
435,00	2,961	0,000	0,863	3,094
434,00	2,959	0,000	0,868	3,095
433,00	2,957	0,000	0,868	3,093
432,00	2,958	0,000	0,865	3,092
431,00	2,954	0,000	0,857	3,090
430,00	2,956	0,000	0,847	3,092
429,00	2,951	0,000	0,834	3,089
428,00	2,953	0,000	0,821	3,087
427,00	2,952	0,000	0,807	3,088
426,00	2,955	0,000	0,793	3,088
425,00	2,953	0,000	0,781	3,088
424,00	2,954	0,000	0,770	3,088
423,00	2,950	0,000	0,761	3,085
422,00	2,948	0,000	0,755	3,083
421,00	2,950	0,000	0,750	3,081
420,00	2,947	0,000	0,747	3,082
419,00	2,947	0,000	0,745	3,084
418,00	2,948	0,000	0,744	3,078
417,00	2,945	0,000	0,744	3,078
416,00	2,869	0,000	0,743	2,963
415,00	2,867	0,000	0,742	2,959
414,00	2,865	0,000	0,739	2,959
413,00	2,864	0,000	0,736	2,958
412,00	2,862	0,000	0,730	2,957
411,00	2,864	0,000	0,724	2,958
410,00	2,860	0,000	0,716	2,957
409,00	2,864	0,000	0,707	2,955
408,00	2,860	0,000	0,697	2,953
407,00	2,859	0,000	0,686	2,955
406,00	2,860	0,000	0,675	2,954
405,00	2,861	0,000	0,664	2,953
404,00	2,859	0,000	0,652	2,953
403,00	2,860	0,000	0,642	2,951
402,00	2,857	0,000	0,632	2,952
401,00	2,860	0,000	0,623	2,950
400,00	2,857	0,000	0,616	2,947
399,00	2,857	0,000	0,609	2,947
398,00	2,859	0,000	0,604	2,946
397,00	2,857	0,000	0,601	2,947
396,00	2,856	0,000	0,599	2,945
395,00	2,856	0,000	0,598	2,945
394,00	2,854	0,000	0,598	2,946
393,00	2,854	0,000	0,598	2,946
392,00	2,855	0,000	0,600	2,946
391,00	2,854	0,000	0,602	2,946
390,00	2,854	0,000	0,604	2,943
389,00	2,853	0,000	0,607	2,942
388,00	2,857	0,000	0,610	2,942
387,00	2,855	0,000	0,613	2,944
386,00	2,852	0,000	0,617	2,943
385,00	2,855	0,000	0,621	2,941
384,00	2,850	0,000	0,625	2,942
383,00	2,852	0,000	0,629	2,942
382,00	2,851	0,000	0,633	2,944
381,00	2,852	0,000	0,638	2,943
380,00	2,850	0,000	0,644	2,942
379,00	2,851	0,000	0,649	2,943
378,00	2,851	0,000	0,653	2,941
377,00	2,851	0,000	0,658	2,942
376,00	2,853	0,000	0,662	2,942
375,00	2,851	0,000	0,665	2,945
374,00	2,846	0,000	0,667	2,941
373,00	2,845	0,000	0,669	2,943
372,00	3,188	0,000	0,670	3,335
371,00	3,180	0,000	0,671	3,335
370,00	3,184	0,000	0,672	3,336
369,00	3,175	0,000	0,672	3,333
368,00	3,177	0,000	0,671	3,327
367,00	3,177	0,000	0,672	3,325
366,00	3,175	0,000	0,672	3,320
365,00	3,165	0,001	0,673	3,322
364,00	3,163	0,000	0,674	3,319
363,00	3,165	0,000	0,675	3,318
362,00	3,159	0,000	0,676	3,312
361,00	3,162	0,000	0,678	3,310
360,00	3,165	0,000	0,680	3,313
359,00	3,162	0,000	0,682	3,307
358,00	3,159	0,000	0,685	3,304
357,00	3,156	0,001	0,688	3,302
356,00	3,157	0,000	0,691	3,304
355,00	3,154	0,001	0,695	3,296
354,00	3,158	0,000	0,700	3,295
353,00	3,152	0,000	0,704	3,296
352,00	3,154	0,000	0,711	3,297
351,00	3,154	0,000	0,717	3,293
350,00	3,150	0,000	0,725	3,290
349,00	3,151	0,000	0,733	3,292
348,00	3,154	0,000	0,742	3,291
347,00	3,148	0,000	0,752	3,294
346,00	3,149	0,000	0,763	3,287
345,00	3,153	0,000	0,775	3,296
344,00	3,153	0,000	0,788	3,289
343,00	3,150	0,000	0,801	3,290
342,00	3,152	0,000	0,815	3,285
341,00	3,153	0,000	0,830	3,283
340,00	3,153	0,000	0,844	3,283
339,00	3,153	0,000	0,859	3,285
338,00	3,151	0,000	0,873	3,285
337,00	3,149	0,000	0,888	3,289
336,00	3,155	0,000	0,903	3,284
335,00	3,150	0,000	0,917	3,291
334,00	3,151	0,000	0,931	3,292
333,00	3,153	0,000	0,944	3,288
332,00	3,151	0,000	0,956	3,285
331,00	3,154	0,000	0,967	3,293
330,00	3,154	0,000	0,977	3,290
329,00	3,155	0,000	0,985	3,293
328,00	3,162	0,000	0,992	3,288
327,00	3,157	0,001	0,999	3,293
326,00	3,166	0,001	1,005	3,300
325,00	3,165	0,000	1,009	3,302
324,00	3,168	0,000	1,013	3,299
323,00	3,145	0,000	1,019	3,296
322,00	3,148	0,000	1,023	3,297
321,00	3,157	0,000	1,026	3,303
320,00	3,158	0,000	1,028	3,305
319,00	3,153	0,000	1,029	3,310
318,00	3,167	0,000	1,030	3,304
317,00	3,158	0,000	1,030	3,311
316,00	3,166	0,000	1,029	3,310
315,00	3,169	0,000	1,028	3,316
314,00	3,172	0,000	1,026	3,320
313,00	3,175	0,000	1,022	3,319
312,00	3,178	0,001	1,019	3,323
311,00	3,181	0,000	1,014	3,330
310,00	3,184	0,000	1,009	3,325
309,00	3,187	0,000	1,004	3,337
308,00	3,188	0,000	0,999	3,342
307,00	3,193	0,001	0,993	3,343
306,00	3,200	0,000	0,987	3,348
305,00	3,483	0,000	0,982	3,524
304,00	3,488	0,000	0,977	3,524
303,00	3,493	0,000	0,974	3,532
302,00	3,495	0,000	0,972	3,532
301,00	3,501	0,000	0,970	3,533
300,00	3,500	0,000	0,967	3,531
299,00	3,507	0,000	0,964	3,542
298,00	3,515	0,000	0,960	3,542
297,00	3,518	0,000	0,956	3,553
296,00	3,507	0,001	0,954	3,549
295,00	3,518	0,001	0,951	3,557
294,00	3,526	0,000	0,951	3,552
293,00	3,527	0,001	0,951	3,553
292,00	3,529	0,001	0,952	3,562
291,00	3,533	0,000	0,951	3,577
290,00	3,539	0,001	0,947	3,576
289,00	3,544	0,001	0,940	3,585
288,00	3,550	0,001	0,931	3,585
287,00	3,555	0,001	0,924	3,586
286,00	3,557	0,001	0,920	3,590
285,00	3,563	0,001	0,919	3,593
284,00	3,564	0,001	0,919	3,597
283,00	3,568	0,001	0,916	3,599
282,00	3,570	0,001	0,915	3,603
281,00	3,576	0,001	0,912	3,611
280,00	3,579	0,001	0,910	3,612
279,00	3,587	0,001	0,909	3,612
278,00	3,589	0,001	0,909	3,622
277,00	3,591	0,001	0,912	3,628
276,00	3,597	0,001	0,918	3,632
275,00	3,599	0,001	0,928	3,630
274,00	3,605	0,001	0,940	3,642
273,00	3,605	0,001	0,952	3,638
272,00	3,611	0,001	0,964	3,638
271,00	3,620	0,001	0,977	3,645
270,00	3,626	0,001	0,988	3,659
269,00	3,633	0,001	0,998	3,652
268,00	3,625	0,001	1,006	3,656
267,00	3,631	0,001	1,011	3,662
266,00	3,639	0,001	1,016	3,666
265,00	3,647	0,001	1,018	3,669
264,00	3,652	0,001	1,019	3,674
263,00	3,649	0,001	1,018	3,666
262,00	3,649	0,001	1,016	3,670
261,00	3,648	0,001	1,015	3,670
260,00	3,649	0,001	1,014	3,670
259,00	3,650	0,001	1,012	3,682
258,00	3,640	0,001	1,010	3,668
257,00	3,647	0,001	1,006	3,671
256,00	3,643	0,002	1,002	3,665
255,00	3,638	0,002	0,997	3,657
254,00	3,651	0,002	0,993	3,666
253,00	3,637	0,002	0,990	3,653
252,00	3,635	0,002	0,987	3,645
251,00	3,632	0,002	0,985	3,641
250,00	3,629	0,002	0,983	3,644
249,00	3,616	0,002	0,984	3,631
248,00	3,616	0,002	0,986	3,629
247,00	3,614	0,002	0,989	3,627
246,00	3,603	0,003	0,994	3,621
245,00	3,597	0,002	1,001	3,619
244,00	3,594	0,002	1,011	3,601
243,00	3,591	0,002	1,023	3,598
242,00	3,590	0,003	1,038	3,603
241,00	3,574	0,002	1,055	3,598
240,00	3,564	0,003	1,077	3,586
239,00	3,564	0,003	1,103	3,573
238,00	3,561	0,003	1,134	3,565
237,00	3,549	0,003	1,166	3,557
236,00	3,531	0,003	1,201	3,548
235,00	3,532	0,003	1,245	3,544
234,00	3,527	0,003	1,292	3,541
233,00	3,511	0,003	1,345	3,526
232,00	3,497	0,003	1,406	3,515
231,00	3,487	0,003	1,478	3,500
230,00	3,474	0,003	1,561	3,494
229,00	3,472	0,003	1,654	3,481
228,00	3,453	0,003	1,757	3,469
227,00	3,433	0,003	1,861	3,460
226,00	3,416	0,003	1,964	3,437
225,00	3,392	0,003	2,064	3,421
224,00	3,387	0,003	2,157	3,395
223,00	3,355	0,004	2,244	3,371
222,00	3,322	0,004	2,332	3,337
221,00	3,295	0,004	2,405	3,309
220,00	3,239	0,004	2,476	3,266
219,00	3,215	0,004	2,516	3,205
218,00	3,143	0,006	2,522	3,173
217,00	3,110	0,006	2,453	3,113
216,00	2,994	0,006	2,358	3,011
215,00	2,874	0,007	2,192	2,936
214,00	2,807	0,009	1,991	2,798
213,00	2,631	0,010	1,754	2,721
212,00	2,469	0,006	1,532	2,583
211,00	2,304	0,008	1,346	2,397
210,00	2,220	0,004	1,199	2,368
209,00	2,111	0,003	1,065	2,241
208,00	2,061	-0,003	1,008	2,237
207,00	2,028	0,003	0,989	2,156
206,00	1,956	-0,005	0,954	2,134
205,00	2,053	0,000	0,949	2,176
204,00	1,996	-0,008	0,941	2,136
203,00	1,958	0,004	0,912	2,122
202,00	1,995	0,007	0,933	2,127
201,00	1,961	0,019	0,936	2,158
200,00	1,900	0,014	0,900	2,094
